Actual:             [ 0.042      -1.425       0.729      -0.01       -0.02129633 -0.05679633]

[50,0,25,75,99]
                    [-0.01875    -1.520       0.705       0.025      -.00125     -0.1150    ]   Gets far worse as S moves away
1-100 by 5's
                    [ 0.00458333 -1.46333333  0.66        0.01875     0.0275     -0.09      ]   Best in center, near and far deviate

                    [-0.00541667 -1.53        0.695       0.005       0.01875    -0.1       ]

Actual:             [ 0.042      -1.425       0.729      -0.01       -0.02129633 -0.05679633]

                    [ 0.02697368 -1.49        0.54       -0.025       0.10875    -0.065     ]
                    [ 0.04697368 -1.47        0.52       -0.005       0.11875    -0.055     ]
                    [-0.01302632 -1.55        0.61       -0.025       0.07627387 -0.09      ]

Actual:             [ 0.042      -1.425       0.729      -0.01       -0.02129633 -0.05679633]
                    [-0.00552632 -1.44460526  0.61263158 -0.02868421  0.05284899 -0.08526316]
                    [-0.00302632 -1.46072368  0.63013158 -0.01651316  0.04599848 -0.09151316]

Actual:             [ 0.042      -1.425       0.729      -0.01       -0.02129633 -0.05679633]
                    [-0.01698465 -1.44460526  0.70763158 -0.02868421 -0.00867458 -0.09151316]   using 5 random images from ds
                    [ 0.03552632 -1.44410526  0.75793421 -0.01715789 -0.043385   -0.05751316]   Lowered min step sizes
                    [ 0.05922368 -1.4431886   0.81843421 -0.00293421 -0.08174388 -0.05101316]   switched to 4x ds
                    [ 0.06582895 -1.44815351  0.71647368  0.02244079 -0.02298777 -0.04673684]   16x ds


Actual:             [ 0.042      -1.425       0.729      -0.01       -0.02129633 -0.05679633]
                    [ 0.03637296 -1.46642105  0.77821053 -0.0287931  -0.04870945 -0.05892695]
                    [ 0.04481594 -1.43084211  0.82294737 -0.00247731 -0.08780043 -0.05991379]

                    [-0.03853017 -1.43621053  0.79736842 -0.00521053 -0.0604531  -0.11821688]   


Actual:             [ 0.042      -1.425       0.729      -0.01       -0.02129633 -0.05679633]
                    [ 0.1312466  -1.43768074  0.7686001  -0.00366051 -0.03868388  0.00203069]    4x, 5 images
                    [ 0.14002561 -1.4410091   0.8079287   0.02425017 -0.0663903   0.00221395]    8x, 5 images
                    [ 0.13096374 -1.45570409  0.79179181  0.01143247 -0.05270328 -0.0026388 ]   16x, 5 images
                    [-0.00280968 -1.48463054  0.71159436  0.02649145 -0.00675709 -0.10091305]   32x, 5 images

Actual:             [ 0.042      -1.425       0.729      -0.01       -0.02129633 -0.05679633]
                    [ 0.14002561 -1.4410091   0.8079287   0.02425017 -0.0663903   0.00221395]    8x, 5 images
                    [ 0.12501515 -1.43176719  0.75926777 -0.01184761 -0.03458781 -0.0017967 ]    8x, 5 images, new error
